/**:
    ros__parameters:
        n_aruco_ids: 6
        aruco_size: 0.175 # meters
        gate_size: 0.0 # meters
        camera_model: "pinhole"
        camera_matrix:
            rows: 3
            cols: 3
            data: [552.80141612, 0.000000, 664.85023423, 0.000000, 552.47314061, 341.289129, 0.000000, 0.000000, 1.000000]
        distortion_model: "plumb_bob"
        distortion_coefficients:
            rows: 1
            cols: 14
            data: [4.13988219e-01 , 1.13740832e-01 ,-1.13772239e-04 , 1.44663244e-04, 1.05624043e-02 , 7.83614366e-01  ,1.77622705e-01 , 4.44862703e-02] #, 0.00000000e+00 , 0.00000000e+00  ,0.00000000e+00 , 0.00000000e+00, 0.00000000e+00 , 0.00000000e+00]
